-5.176193706716849
-4.892959410249397
-4.315389581526902
-3.591364347764132
0.2993805168585965
0.41060528010688946
0.4498632345467442
0.6301327484529001
-0.44467357591248124
-1.0713800970060705
-0.10064026056235267
-1.6485332471569618
0.14150659794250317
1.2275855942196938
-0.5275410921431574
1.8595906179743111
0.7240868407736882
0.181891590585789
-0.026927919930623666
-0.290033848332616
-0.0516106139243939
-0.04425685444120436
2.280719114460367
2.0662116591011785
-9.677198029045512
-10.67917584387183
4.957849625183612
5.682075751440498
5.600787091919999
6.242556866523379
-0.07654849770160567
0.002917935889883627
4.002327224555523
3.839697511858829
3.258193053173819
4.086756649115213
0.11750117734053789
-0.0206947134799185
0.6931091345235175
-0.4093689448795755
0.3321998296947085
0.6782946101002623
0.47090881261771106
0.7631256815147817
0.53500847308217
0.40424623881984056
1.4054904988199743
-2.960574376652438
-2.7437601672350684
-3.7452410010831634
-0.8724745823628383
0.10370978134936151
-0.6707471128966916
0.9992822819551562
1.9180155413920923
1.4278138059240968
0.5481307382563412
1.0277410484956964
4.02457098832237
0.6019402676511284
-0.7124836708873581
-0.5843568403264278
2.2148526241696893
1.8658297945579272
1.3770840954143386
0.08313904967140101
-4.278992638020528
-0.11086606959234503
0.17347396543726937
0.5679130946912875
-0.2395740302557488
17.973905644631515
-0.24590541250709932
0.6674085297898097
0.3027535730279593
0.4982247527997197
1.4881733619971234
15.626191750869008
-0.1251758117601658
0.8782102853079393
-0.7563173913795054
-0.6384048400917982
0.6287858815363103
0.9149162038470298
0.0
0.3525429293405436
1.4440118483773818
0.010230457764347164
0.2505589255242907
0.4565148852911293
0.5954017651172575
1.938876902172752
0.8285180516177194
3.9476514449219966
0.2444376866372819
-0.5491292081538588
0.9606895328813092
-0.7165406054250004
-0.3284380971906813
0.1826887420417078
0.08610487683298788
-0.7099889210869333
0.49435248265709325
1.2136515695550478
-10.948383872762927
0.22444251171289864
0.6900772238206934
-0.15265658546440125
-1.6501281793016715
0.44958709333913016
0.9379683610157226
0.0
0.22575517504938197
1.7804067461697308
-0.3686548654841862
0.3762119347338863
-0.09108019633669141
2.633774917775182
1.6662249489261398
0.950005184269601
23.185396885533645
-0.09041026554826263
-1.050815341384342
1.3260506371693446
1.8425231844826868
-0.7298326979858928
-0.2673282811711803
1.0833918694495368
0.0031819983548717727
1.0021273247523916
2.4612241440431304
16.313462789570984
-0.2629095619114857
1.2654584696023106
-0.8484206898486146
-0.5884766062042582
0.9420013323659772
1.8336492464012224
0.0
-0.0335808608248926
2.2792254786941597
-0.11739487831369565
0.27229430823484796
0.5580374424187181
0.3496250424293416
0.5793766739874481
2.965527860490338e-5
0.11668876282097766
0.060618789310788346
0.13442290806639923
0.5897265129812655
0.16951165512517666
0.3856868544096722
0.5591654378322978
0.11154079526607596
0.14855534891610062
0.16196526281887036
0.17020738162497093
0.3408070875053812
0.12207183162662899
0.28744525593345743
0.6023608788446588
0.042523578115619874
0.05326306079812839
0.12368957464324731
0.17410272893058204
0.5463415913076765
0.1702733314266322
0.36971092532551453
0.5603837107638104
0.11859573753871042
0.11326804533204785
0.10861918392322276
0.2678256140200156
0.40307415321255397
0.058522629884129915
0.992847782851092
0.5869992701679854
3.483674415752357e-5
0.05275604642756874
2.090401871520645e-11
0.09513849386990031
0.007117380383847187
0.26510618953454546
0.22825290251720787
0.48725783514200544
0.09226276350599724
0.08613444195883069
0.029105545702195028
0.22690097946184326
0.6503787882746002
0.19970674343732508
0.34178974382186855
0.5104613073821918
0.03606456991369018
0.08108776258297727
0.1046432411192262
0.19572143615133716
0.5175024451452144
0.21272949388349743
0.14123173314207896
0.3828689655091097
0.016710945337652147
0.148824154955441
0.2851343806195701
0.2996597662999336
0.5569229409006999
0.16864711323551876
0.619602198101995
0.5786037888411896
1.0938101657729083e-11
0.08985851599639975
5.964702100736467e-11
0.1318812064483551
0.38039780182742
0.19965648871405622
0.22422138412522913
0.538444093584222
0.11839389037879958
0.14388474094257006
0.09344614987350157
0.15084415033243345
0.5639385756224702
0.16682701514077752
0.1764897578740999
0.5821700912962602
0.27738138080917607
0.11471842776094372
0.0644211984564611
0.25938431859210903
0.48170766286026356
0.043727162350686945
0.296186621501454
0.5375220875042112
0.025032471136008178
0.10765488194554339
0.34052355575593246
0.28699032952831727
0.3382573516066058
0.06783270102192225
0.4142337101355286
0.9490786035128118
