0.4359099020588986
0.2803774775534812
-0.030287839917474867
0.043123573609768026
-0.013323236204959515
0.0013732770107368949
-0.08703507396796603
-0.3776316943186808
-1.1056188547683043
-0.5380749700918545
0.3807784549360439
1.15676154030962
-0.012446868963200805
-0.014375818273316895
-0.017889976686010133
-0.001281977814081512
0.42832307460795754
1.530333222722581
7.415404755666418
7.537139887195269
8.198357180439876
-0.08039634803652096
0.0010192648517945067
5.6537237580058735
5.918378335100949
6.348613446865414
-0.0767306225119047
0.0012491923344805063
3.607939831260145
3.871992595894055
4.491269275258872
-0.20846746283936965
0.11926891411364172
-0.2496064418014874
0.791871136113187
0.7970331880818632
0.39610219573535504
0.34143502957697286
0.23292376726004638
0.23685123988765297
0.17498514575798566
1.363230927870759
-2.007063570279009
-1.3285850740189673
-2.440968017315294
-2.2033436849660974
-2.1314456682818705
-2.819601665238563
-0.39582560393097405
-0.07305464485828445
-0.4459904478025435
-0.4660234666095886
0.11170962369154805
-5.126018264064183
-2.4789412400830266
-1.1552386537298611
1.340256935695425
0.0
0.0
0.0
0.0
0.1253511327017926
0.26620406704492583
0.7368486326907532
-0.35979645929114157
0.48076779690967747
0.5987201004490307
0.4975345208373249
0.6360252312797591
-0.29565070711582786
0.627756733873986
-0.7721180328532147
-1.0370443000694674
0.8179301410422506
1.5494253910348432
0.037999601245083434
0.6081036109601571
1.0111240438587874
0.3081372542878294
0.6497313108637329
0.0
0.0
0.0
0.0
-0.22890223105910049
0.21696942172163866
0.798628241329829
-0.40724131657831847
1.228470233202717
0.4169387710426081
0.6119011943784799
1.70316033959126
-0.304062038470932
0.9663866301966998
-1.0918420612139066
-0.39241501918257155
0.8374511126635162
1.8822612284536067
-0.13515333928715229
1.2998912139223797
0.29935039008918934
0.774287710264644
0.9396446267605046
0.30619995301920994
0.6008941496020511
0.046059934374016946
0.12687060456990595
0.10868440222612766
0.07500560954421057
0.17490283215767405
0.12124040968761929
0.3641528782229706
0.07598922659621395
0.3707854916576232
0.48287790897427496
0.018101764775318302
0.19035854632977212
0.23248331759092655
0.11373395829672792
0.17720796115726972
0.1907587798061221
0.2014214648188621
0.022270806593103834
0.3692039960687955
0.5704496094130193
0.20693057688835026
0.1853097164197716
0.0644259974331588
0.11301895675618316
0.24115384616660257
0.12262841997355285
0.11828558344309349
0.008593297437475231
0.5323182976182516
0.6066301320910128
1.3330950539881295e-10
0.09068043815855449
0.13035407810040187
0.08233983327581412
3.1364530206270015e-6
0.15860222340959082
0.33732448769501683
0.06174737306502855
0.2760370668043522
0.41032398560157674
0.022257835946242612
0.10543139593594937
0.0976228923096378
0.1342013942170151
0.24680108239537615
0.26237282121791144
0.35728112254439154
0.08767040302754688
0.19064038224919563
0.44106555550589943
2.060322852318436e-11
0.18402275801576873
0.1576215747435435
0.08207155634156145
0.30994837366098427
0.2148861011157136
0.3417896693256748
0.07795402902105607
0.27314617973975036
0.6596001458745744
0.32448321316870893
0.08602064862085347
1.7243089388470814e-6
0.16399900828380246
0.4023138822926861
0.09038019722077134
5.500048991590573e-5
2.550855624686103e-15
0.17749411976603915
0.42399675826001315
0.014618322422555029
0.24453921116075672
1.470667529713718e-12
0.08895675626006028
0.4587401131252816
0.19540811221619475
0.3491474446846549
0.04709916210297649
0.31911647416766253
0.5322427191203706
0.11187354575537463
0.15472032929559218
0.08521277121264201
0.11817935900513153
0.23947018470203768
0.1759545981514394
0.2443270241622823
0.018902994427463564
0.6366507398719662
1.475658163677281
