-0.6052544490273448
-0.753314988484335
-0.7338385731122606
-0.857716116244945
-1.281822715681416
0.13516241731795497
0.12302158173922831
0.06930360771057806
0.15124882805175258
0.15815366419937432
-0.039569184428599836
-0.4135603538681153
-0.9995035941380743
-1.1225095193203072
-1.656825666593358
-0.6375018571020904
0.43770600657265674
1.096527850751249
1.2569310730751528
1.829493291095393
-0.0499233107718519
-0.05270923589174045
-0.12460509176729298
-0.11493891304869515
-0.11126634443501919
-0.01084158688601382
0.4128262416858813
1.8698147583782627
6.898233474690804
7.373760109089634
6.971877733286383
7.765646197680848
7.9810489696751885
0.00641505116200387
-0.00201445552171324
5.683324176667686
5.810297139026684
6.192338789200303
6.511058356417802
6.990641350132039
-0.09057597796871629
0.0024755840893304275
5.916325028530146
5.9659324225495345
6.308070604526743
6.438452739056162
6.558945358172905
-0.14443463075885624
-0.0020081121493804636
-0.08611180508442247
0.5247680494417152
0.5632006591637204
-0.010483303548685367
0.07543659118697339
-0.04357786524184117
-0.055185965774294146
-0.04720554851335314
1.2403677894169922
-2.0403088410997627
-1.6978747914506154
-1.4898802128610815
-1.9635041964497995
-3.2667904714143847
-2.15789914189182
-1.827710584836958
-2.9280755053354746
-2.6933536897050594
-2.5608681991041995
-0.16387468339653277
0.011656599590786713
-0.5922767909752408
-0.14706385869694727
-3.5790794365774854
-0.5870197051084722
0.1034652402885816
0.01605779335406466
-1.2386219680194077
-2.0897604552749796
-0.9471057766984956
1.838451820026031
0.2788837482731014
-0.2233745180824442
-0.7481754825961423
-0.04626428790818534
0.23210407669331953
-0.12683387110374708
0.3251800852382704
-0.32001274007078584
0.5786864527549787
-0.045418418465116614
0.3119168922066195
0.2937473632514557
-0.1882073633163742
0.6980404496197662
-0.5645674591245202
-0.9467041192011723
0.2986722283136308
0.9421724759794324
0.21794671050478237
0.4029053033435069
1.1619819881661073
0.1887971847951803
0.7730792575813996
0.7835403431561077
0.5099023318497536
0.29309277155304514
-0.42595133151376413
-1.1954478389533125
1.7883003267458604
1.341081401712712
-1.051341161326569
0.38351041887676646
0.8298512966471763
0.49560807196429735
1.1194222386003576
-0.49288533818266456
0.3617271981362302
-0.8416648463599312
-0.5266528041352359
0.8752312047776588
1.7257047514515191
-0.2532698167781781
0.7284881748538448
0.2682294886150893
0.5064172323691116
0.8532824908637421
0.7156705146557281
0.4792500033997915
0.6525563164479222
-0.34461808452528897
-2.298816796425644
1.063023416961572
2.5005975742417434
-0.4071026080576759
1.6633723380593723
-1.2605896093764046
1.2754735764094312
2.375226950721306
-0.3881226700224134
1.38195022041577
-1.100288156164299
-1.210074068905563
1.1239318857152008
2.592359976853904
-0.2728634455819031
1.2409431940532956
0.05723181213984002
1.1151347194684478
0.8778040186243704
0.780260544802837
-0.4802701992780068
0.9873666621301084
-0.25370307614365617
-1.3256424236693434
-0.31193784224297105
0.25107991749083397
-0.2125189444111981
1.4698299489169233
-2.976604326279128
0.24165216402012363
0.6065786015803318
0.5393946553420226
1.0462204873792662
-0.9609021364931711
-3.3694823976863457
0.5390190019673061
-0.7148279495253386
0.5930018815087255
1.6637415751639835
0.27466798605734233
0.7087965987167174
1.0785839044711776
0.3166868681903418
0.6207914833735244
0.0381770817088957
0.11550502636201306
0.19380416928618033
0.1519355356312719
0.45133188081458203
0.11176795463319074
0.39011422943694846
0.5098369124791997
0.074814550491152
0.19513446363817752
0.32255140641936886
0.2141331284995879
0.21251981365253098
0.08089549538303668
0.018372191914002495
0.388111725070772
0.019103832011566426
0.3204004025249074
0.3541975372541664
0.2728268249441521
0.6083264388202643
0.018661047460171602
0.45140890975663683
0.30690174912935303
0.2684235945770293
0.2948363842481361
0.11641582756291745
0.34245493206904837
0.16375166810341632
0.055806934553464145
0.4261387863038972
0.7532380319996995
0.25452240445630947
0.1779429589935042
0.2912250828028316
0.06880080164914829
0.028113726436962035
1.8207357651335336e-5
0.5114771914522634
0.6158527916572697
0.03606740452370183
0.0884708522736894
0.11757545120411135
0.17151589079421176
0.3348799528199245
0.12416046527483048
0.3037679194876771
0.5138213787941461
0.04581219405975245
0.1250524380813284
0.23819592500440193
0.19769911678349922
0.4122239614481678
0.16342706634102522
0.08018201616603408
0.38981553402215824
0.014308334529913104
0.1708735315769425
0.28474219375588705
0.3376971676085214
0.6207674555481654
0.10161376679238139
0.3266585592784525
0.3628968312804147
0.0704061540902363
0.23150005811385438
0.21046212523089647
0.22956752467570157
0.3924731614004156
0.17603558593003024
0.34305214068885015
0.7334874407652497
2.152282974785469e-5
0.05578479599273482
0.6443411665247867
0.17041362776534238
0.0125851699566158
0.04031413547667362
0.276979207761071
0.6734846431291167
0.26854889308572716
0.14670586868660315
0.30928878169082524
0.16818963986355956
0.14518311746237703
0.011619848320719063
0.25270318240655276
0.5044971999729224
0.09155111990365145
0.25040480087424327
0.0963368959535227
0.14868145826593904
0.5594088017362733
0.09641654088689704
0.0013862267613777486
0.4401870537415409
0.060697975771596996
0.16510512469508487
0.20164042264920143
0.3076166992408881
0.7362753748178239
0.08709112232248661
0.3731303654590985
0.6129292342892428
0.13331602781865248
0.18417358709035145
0.30369210309956085
0.17660359546212812
0.18986150362268733
0.0262935831582768
0.478569419516534
0.7076255470006553
0.20731277097026152
0.16942788167543904
0.3141178085441107
0.09953821362508147
9.690935015347074e-10
0.02340835769882513
0.44686917815197735
0.8356396994639511
6.25166440767891e-8
0.016295262493893382
0.0005516576871143632
0.02072035972024168
0.5525791016442705
0.12734467832191465
0.32089391451018257
0.7479023293326815
4.8538633595553775e-6
3.046987025738038e-8
0.06874200197098192
0.02228056033835072
0.6103592296554755
0.22981707985909539
0.22312583235030808
0.7593140355814408
1.148423525962433e-6
4.104188811198648e-7
0.01032906540057025
0.1420233403197112
0.7665439538256007
0.09866221367996825
0.27580279933977275
0.7825682930697462
8.695112216931148e-5
3.192408735733594e-6
0.03658215365742797
0.10120119104544291
0.687528095880634
0.11622732347607813
0.3135299898130746
0.9097143349788683
0.002877693795006856
0.0001762660914626686
0.07674450083577967
0.05090834736192771
0.6068478155561386
0.03920105156774021
0.6268754412122696
1.099867476928524
