1.6539089051994518
0.9490504029542184
0.751714105364824
0.9569429741750789
-0.17156624064889273
-3.7960718793738897
-1.192851691839708
4.317878190739524
0.8998138646676852
0.025534295289131297
-0.18015544888849977
-0.2901380937692483
7.654134854366524
6.764787483959187
7.085039990429805
-0.025193625718021768
0.00024017838855938016
5.3022507796729945
5.917178748737704
-0.007247418862444099
0.004643947199219467
5.669582031927149
6.00775374392384
-0.0935644524595491
-0.01023762851637189
0.03793050883362453
0.3064216957963574
0.7534379622376224
-0.3165084589122408
0.34155310528873134
-0.06482002659063535
0.3898972582999816
0.06972580210193773
1.3620075779971366
-1.6592477515503934
-2.0190866056906462
-2.036083408522332
-2.6103617128808043
-0.4879826785601083
-0.6654819426179396
-0.32909011149622946
0.03018030661745245
0.5507388491698123
-1.0885060859070184
0.45188338065246836
2.2303174152994796
1.6017677795347276
0.06560611497155594
0.7680794348328022
-0.3198582831016724
0.17843438207673112
0.181727716939586
0.7177729617955949
-0.3975400772861692
0.8064888432852176
0.6427171613657029
0.4242086980089424
1.1092634896021445
-0.2857529294698547
0.6570684321423307
-0.8374130901422034
-0.11397746091214862
0.6134002188272244
1.2241167972703701
-0.13359716516081438
1.1122755131073485
0.0018856399477151437
0.624682481431159
0.8450337239706847
0.3293284907134483
0.57378855103749
0.024347327311797402
0.1712241699491676
0.1534987402887154
0.06912361510530923
0.21332110621375402
0.14720444123673354
0.2795043354722852
0.03865922267130151
0.3715458718676257
0.498126456410622
0.19372275124719676
0.26173183942371175
0.10326999943697075
0.1305768426080674
0.26335795377762006
0.10577701609021188
0.0681034236705867
0.0037878454673872966
0.5013091752042028
0.5615240075421652
1.7972309371885773e-6
0.10989518871398052
0.1072939980083957
0.0870693244904034
0.08127233374960632
0.18424683944120182
0.3101226958068578
0.05726463981225071
0.18642918038489928
0.42794758842765446
0.04368460575107629
0.18935771934580292
0.1806658674976224
0.14222234943126008
0.3150718220614927
0.19184053262876075
0.2741485243049097
0.04863181016652328
0.2709334325333663
0.5620827962097545
0.25805586553722454
0.16393486955846995
1.0620070596512685e-12
0.14495162114401516
0.3592761558176782
0.12131400785249262
0.11173454611066992
0.007716705235268989
0.30309940358135534
0.5177156025528997
0.09141772131587748
0.17861836899847594
0.04917348582779902
0.10249881908342814
0.36568077105518365
0.18524786510178598
0.1906286182197846
0.0159193442634087
0.6253858767788104
1.0906878285481567
