-0.6604830859869807
-1.1902971227572827
-1.4548600967339953
-1.5949567987624598
-1.7324433949803004
-1.8262517319077511
-1.8734164391802324
-1.8524735547278453
0.23712469361585314
0.14666622181373531
0.24137455912349562
0.003988932029944178
0.3165230891748936
0.0081582985723295
0.13178964244855448
0.21623075891328936
-0.2597837763583016
-0.42741469147103534
-1.2083382261980733
-1.3284696212787992
-1.5243835838622297
-0.6779668825887428
-1.7590693752180866
-10.419434614266267
-1.00074453101338
0.18711147696266822
1.1944635923996174
1.2133516106418554
1.6691615936393631
0.29197790224645165
1.8141150319681425
10.271365899181394
0.13236638667751796
0.2960439373318806
-0.40195952305414734
0.5335958731559645
-0.5431181317565416
0.7243198378362723
0.41597014237014907
-0.097324859714749
0.01249399034835277
0.3768430489712932
2.1144664023146733
5.891541844986163
6.306922672407509
4.1279485100234075
6.976789017584542
6.135930232496571
8.021912534666763
7.804013690279688
8.156904120858927
0.35435625845549407
-55.018472960585555
5.810700064792711
6.086762301981471
6.339827352027618
5.655853114020907
6.67257150443885
6.692201735426132
7.0171882793933005
7.393921880427135
-0.10592957948181148
-4.963393254175941e-6
4.48497318682163
4.1465936836592
4.912664026930035
3.8348986119561443
4.718417897043695
3.343882416412782
4.621853889357695
5.153767272285811
0.06235298819069696
0.12563219756888594
0.06081650077025061
1.150251022239156
1.1267804861340847
1.201128761495334
1.1877756606927083
1.2362152794175236
1.3442030754267782
1.2799217674956558
1.1959228775429507
-1.8568080562674332
-1.1151336852069853
-3.1377992474499092
-1.501373543475666
-0.8042735051232374
-3.6735373657685293
-2.622925647913703
-6.300703201736324
-2.1653877988928105
-2.015096434079409
-3.53126547955182
-0.9603798833502487
-2.5569525827674395
-3.5175576978270997
-1.9712101924224448
-10.518304171811126
-1.1680839307327453
-0.2876955226730856
-1.0177204381652543
-0.48270746456976377
0.4574162238450521
-2.36534782998722
-2.8179912407081575
-5.3308759459724495
0.0
0.0
-0.4122557067534529
-2.0565559013202237
-0.8218297999656035
0.3978105548384597
0.11693052376468926
0.8707766569164728
-0.14024367311208022
0.012898768500580627
0.1601995069959882
0.14859169697556984
1.0613662336843597
-0.4619453241659897
0.6678150306242098
-0.31234932276371574
0.7521069572456445
1.3415200493811559
-0.20311257559788035
0.8266293234416074
-0.7060991044090981
-2.1731772163628036
0.36653169957498943
1.2133771279169008
0.28164747173200116
0.6088542409169827
0.6651238835177146
-0.12556477885201886
2.2787481644841967
1.0567440576969815
0.14091286131129685
-0.14965356624571774
-0.16844015786386196
-3.2710736599119126
2.590268521857116
2.3592689508278823
-0.5526987326377122
0.5866331155254713
0.6046785608575276
0.3053912006925273
1.1501297632401979
-0.36952327665097723
0.27265767067339064
-0.6601555712935668
0.1887809151745597
0.07203114789436267
0.5405645357071387
0.07490121659605595
-1.4745123663071737
-0.3588412690538173
-0.011298636384848886
1.8731515396176346
1.0322870522591336
-1.038931990639785
-2.1912970158336114
-0.1176620734312761
0.46661585479281453
-0.3732265421208901
-11.624093201550354
-0.5032763795104847
0.9056976108264392
0.9017152689565596
-0.16530202627262014
-0.27111161359283026
-0.39220891851712103
0.5503081486413122
-0.9139054233230127
0.717310405774325
-0.40862915514775516
0.7136143544842121
-0.006646359347222005
-0.16955273379801214
0.3050766358918092
0.37689931788871733
1.8555226862601069
0.8161421415781969
1.6728034587433835
1.485372171179296
-0.4775415261641354
-1.778755133793565
1.4856579637248863
2.8632044364820217
-0.7236301710560104
0.8141419541095568
-0.6475749057955784
1.6715641384632391
2.8143495045620472
-0.6836704637971175
1.2150794342057885
-1.2056477562234769
-0.842704154967929
1.2505724915252598
2.8906378088431173
-0.3174662882306611
1.0057369994650218
-0.12791274619216897
0.5600503684503757
1.8317455131678895
-2.2260932872835686
-1.4135097983973617
-0.10385456045238155
0.3714331137275294
-1.9540000762292524
0.5791972517696049
-10.08149138559661
-0.14187666190533613
1.1076826947221559
-1.2028958070769362
1.083628485696483
0.7994208817537084
-0.17861777660470685
0.6931868551173013
-0.8778020308357639
-2.9824221358398337
0.3257901174797916
1.4177164188557738
0.3472454223746816
1.3884467237050826
-9.028348521251676
1.0633387427636636
1.3279096592838422
1.6298820996909076
-0.5345102204110727
-0.27555880793961507
-0.2619835145935838
-2.34220898787665
0.865492022610459
1.9155062007857124
-0.18327760111745287
1.853374949150746
-3.482680165892453
2.1368942108692432
4.47748151490545
-0.20432469168100906
1.6825820116890324
-1.4422860865426874
-4.060872374152721
0.33826529894064644
0.7200734237314109
0.689281896291399
1.8598540355924196
-9.692778752052538
-4.368751647347132
2.6973429239860973
-3.915037081335244
3.8972109352098934
5.56881179205992
-0.2809752143557235
-0.9840929965945682
-1.6409676015913837
-10.667995907293104
-0.6883463582606335
1.4017200031748884
-1.8739043927303303
0.45687283081594354
1.004319251589389
0.0902074799979969
0.7865238596613693
-0.7732446032593203
-3.6285252518845867
1.6842695833211707
2.3009239868894875
0.12059026018260548
1.505884286207364
0.7522691034575139
0.6489032393477905
1.8876301918368628
0.33309074755027046
0.6083637890887488
0.12669171776975643
0.1439371052930044
0.024510844680814475
0.1362731413434003
0.5157066899991595
0.11142596427484726
0.40344592159117726
0.5197530963480524
8.319739015180489e-20
0.20334799510152812
0.30458759072449776
0.20250206965544612
0.29196648768432604
0.07439683889497417
1.2106289158499337e-150
0.26787823078118245
0.09802327172657604
0.4549476914139655
0.36519309983665116
0.17821041035230853
0.5367836284367734
0.09896366745254434
0.5211941351293211
0.6268480779551724
0.19150263847507135
0.14835574486751293
0.06264564120279419
0.1262579985704641
0.2246575851928145
0.09853817860685211
0.19312244017562125
0.6005709314288694
0.08845296222924534
0.17082535102696184
0.10874376355416289
0.22860371754417008
0.6096808340409686
2.922754921905225e-62
0.4367387073653655
0.462594341066833
0.32324353567655384
0.14531078250997054
0.10442199124566613
0.33145776096925406
0.13559576571241472
0.060637115453945914
0.3991263395153139
0.5040646267998057
0.1763979503485452
0.2569808426260854
0.36706736735509415
0.23895453057410904
0.05740834278104641
5.46917641594469e-116
0.4547582922391579
1.0
0.16053498920561662
6.014673767018382e-79
0.3847067185552256
4.813394462147547e-50
4.89256e-318
0.0
0.5311388589646913
0.5462291341930012
2.694633709487127e-137
0.17105188486397435
0.08874241214669379
0.1557944663910034
0.38011872888861464
0.1269245145520217
0.4402149836053504
0.4018660541029005
0.08903283203780397
0.0748891815970152
0.142835105243338
0.34308742667235576
0.3279170791135078
0.1801573376277265
0.23991978133370534
0.4462698414568338
6.745188807777244e-5
0.29699628860131067
0.29595019316174
0.19710546789407024
0.464062573616477
0.05962840204778625
0.28375990125268424
0.6790172602632314
7.454062029693052e-87
0.09461168208007353
0.3044378096620349
0.12403253704022826
0.4118022890852806
0.10233852061646746
0.04847093296207598
0.3009063090831306
0.15400200345912146
0.13267769238966926
0.36391392582349935
0.46384663365120504
0.4336131377553033
0.10256936487599765
2.475873604765033e-81
0.3355402252218729
7.394879480302059e-13
0.15761124605549334
0.30698850706201647
0.39679104589274033
0.6930114929372442
0.1100574828298936
0.5739131980963719
0.16736790593466777
1.9986993678180397e-96
0.5027889507812027
0.2418688098846614
0.32984314328412795
0.18421799201896613
2.575924402860766e-55
4.765496989762765e-78
0.504561816805785
5.8432778940807135e-151
0.13066210078489232
1.0
0.3204605835387263
1.287444509565673e-121
0.04431549887059582
0.24275330235763548
0.38977320390108144
0.33009900958563027
0.35608996589894754
0.34860485985554757
0.23609711236292555
0.07854282820118615
0.01803971783704413
0.2354081043364854
0.7122202166147533
2.10156005550445e-150
8.19779261126933e-5
5.0178306273702447e-67
0.19278965124203712
0.7645918956635143
0.09490815421709467
1.53581303563413e-46
0.6255905849089095
4.4031003440828987e-82
0.1952738456922466
0.02126557062356474
0.17004344766274673
0.9787344293764361
0.009092121736098434
0.4121696522381617
0.6128459767592137
1.568427692540875e-24
0.15027830550266405
0.20495626743077994
0.14059367745381607
0.38287408033105774
0.09628204028430715
0.33098542891266014
0.555537857721035
0.13361528402844325
0.13363069937780578
0.17757618638871275
0.3107558680598105
0.35782310067018386
7.55748413491764e-5
0.0036290760890246823
0.5227671880596377
0.11287447805527333
0.27001343527062727
0.6848465913164297
0.17076505391752295
0.19864985453927295
0.03645432275221295
0.7255121198092613
0.4870419456638334
2.6847126615201895e-13
0.4053217539185322
0.2744878801904708
0.1076363004099325
2.5420279234675195e-73
7.700147109521111e-12
0.13592924144488772
0.40139349738584634
4.625357977170511e-81
3.827557727717849e-37
0.8640707585551122
0.5639777843218431
1.9017300136148852e-95
0.03462871829231188
0.6214621282293167
1.2784703793877146
