0.5252491845838447
0.38943586464198215
0.2422289643954793
-0.0020828915857018246
0.013978085992248632
0.024859194220918583
-0.20854408764637436
-0.42258497753237717
-1.2171066769954102
-0.716305664771282
0.3453631846444936
1.2298972187400499
-0.007792952602372478
-0.008431645917763386
-0.010764595683143996
-0.01326050015517554
0.5005884073883788
1.6860384618996358
8.237581707017652
7.591872706165038
8.2536053787981
-0.0971246341070809
0.0013316700805540978
5.462654093940538
5.753821232846092
6.17487327567802
-0.05528328574264608
0.002244271644709296
3.745613804143673
3.453171773842008
4.0975867049561465
-0.19700662228084534
0.1059302942610127
-0.24164040695731115
0.6869639996092811
0.6797135643870346
0.3030269523152539
0.24711955226821608
0.13812989834121578
0.14671184742980217
0.0947064685910359
1.387126507172741
-2.084301960669993
-1.2928637511614474
-2.352705874381012
-2.1737780210343587
-2.1534630615873196
-2.7476410443164543
-0.30124887323303784
-0.13306048368264742
-0.5084168298503503
-0.40635761314141955
0.0953803230425543
-5.7423771716199
-2.8294240295646276
-1.0732347036885643
1.2239367615514067
0.0
0.0
0.0
0.0
0.17017498157338057
0.32551127018979914
0.7581654840779734
-0.4003792464038598
0.5276291910450001
0.5005339133513363
0.6103774295068297
0.7756972333993729
-0.2963218771087878
0.6902081254764756
-0.8735033942129996
-0.91560155464425
0.767150727403332
1.429442324544083
0.04013878520683516
0.5798767571945679
1.0968983477842793
0.20189998848849525
0.6346100201164846
0.0
0.0
0.0
0.0
-0.03818977519367433
0.23393861786096906
0.7673258416924931
-0.45189995030825986
1.205430553997064
0.6666081479367021
0.6528410783538977
1.7566272076385228
-0.37800421797833017
0.9606068363103327
-1.1541753021401946
-0.1284815664957464
0.8235966204031454
1.9312642229736603
-0.1772944566832137
1.2460833668092652
0.4651888419735381
0.7586230868638545
0.9903031270028452
0.3354695548856091
0.6268073697689528
0.034465587818270145
0.10592641044745356
0.08937600809135358
0.06546186069571387
0.16914189507676794
0.12526396088999225
0.37154695412799943
0.07654039819788586
0.3574502397539242
0.4448950212325197
0.010856565544097599
0.22127536091561095
0.2608263769251411
0.12059088150941541
0.17798059539056307
0.18667332809805606
0.19288622238627356
0.026565408244397893
0.35858181034832054
0.5510107562662219
0.21478260119024312
0.19425361186887977
0.07013103236135255
0.1278632009431986
0.24000002997760952
0.11852123861992472
0.11650452612247464
0.008351192301776913
0.5463107859119681
0.6280945395566356
3.691226054582277e-8
0.070773761506922
0.12349170224384874
0.08814387009060845
0.00022695959198374096
0.1565047801303846
0.3299705153399387
0.05648304871545212
0.29844700663304086
0.39124999303908303
0.032041570879936525
0.09838104379894812
0.047016870207123106
0.14076549161461424
0.2915020496525433
0.2692341046151009
0.3309925026273557
0.10036936693225192
0.19190826090992305
0.4082451315489249
5.846404718016636e-9
0.21149361624193755
0.17430030216885073
0.08334709205824066
0.28563444790105763
0.21957531317477005
0.34815698317376426
0.0773388469761262
0.3167303145655658
0.6789928745022065
0.31245861735245467
0.03198000108308132
0.00012773509812689192
0.18766846219399272
0.37067923429182825
0.10135866200338839
4.098692024632348e-6
2.1733185351241023e-10
0.15784457360082293
0.4318989030559945
0.07283279823386225
0.26474516876327003
9.35217793767621e-15
0.08553939711815976
0.3993225200800038
0.1690306807232805
0.3700001080853019
0.04878585033929395
0.3230911818302633
0.5112005205431067
0.08449263545988604
0.1712002750203913
0.08671961537809036
0.1196782427083675
0.2577392281942803
0.17689000751523118
0.24795733913747947
0.02103095421290774
0.6361561654075659
1.7522635935242843
