-1.4325549947717464
-1.0684681554788744
-1.5636772119116074
0.09432394614360093
0.011757212567323504
0.1983913874122676
-0.11713072482429321
-0.6722270787489278
-1.9994193633108799
-0.7717382778627179
0.7877152595438704
2.2772760593748393
0.061080921603825764
0.09654653564185946
-0.13175880109394578
-0.03783464144170205
-0.051020848199340496
2.29000321931715
6.364999065061002
6.750330920391305
7.28091804454397
0.18761433261130472
-0.010450637163807874
5.006430409217933
5.30614638640234
5.898885480899363
0.004922576964833466
0.005655454485441271
5.10801070627988
5.463022301115683
5.869201463400966
-0.029187282931940756
-0.012363442971275073
-0.13750390655033787
0.3784802727778827
0.5244216873641768
0.0
0.0
0.0
0.0
0.0
1.4037382075581932
-1.7507599253597295
-1.575552339885672
-2.478006001978335
-2.0505286885334684
-1.6107386726157717
-2.918458551599329
-0.6257505014180651
-0.787716189364752
-1.5094077868292057
0.04641032176938132
-0.046108754848121436
-1.44829912300322
-2.0127423663521578
-0.6615591656747065
1.224050551961337
1.2550695688405895
-0.14601496022094024
-0.6706800269565778
-0.12664701793897248
0.282393507328576
0.1526941376117445
0.673763895366658
-0.36044233116587243
0.5054190269130038
0.0
0.0
0.0
0.0
0.0
0.0
0.0
0.0
0.0
0.0
0.0
0.0
0.0
0.0
1.6841617102742243
0.03595896924673982
0.782893881841484
-0.35893316021366634
-0.846324144443108
0.3153901598894453
1.1033812023107066
-0.36628809917689087
1.400136495720191
0.0
0.0
0.0
0.0
0.0
0.0
0.0
0.0
0.0
0.0
0.0
0.0
0.0
0.0
0.33224203830882293
0.6129519869524802
0.02762093754797851
0.11838051306657475
0.0838009267921316
0.07009262426990516
0.18117928370995132
0.12596134855896224
0.3751568136411165
0.07261352715207892
0.41315299766048635
0.48493610643275886
0.04643294861952602
0.19655479071182916
0.20363407490645993
0.12209457452390007
0.18668166058763688
0.18100459493596585
0.15009831822589162
0.015409933395544155
0.33113570241268553
0.5447992033713626
0.20832382927976903
0.21360609358887842
0.08754434456018835
0.1348736219110875
0.2936779244326022
0.09633004937390285
0.07931819931475476
0.01039103175476668
NaN
NaN
NaN
NaN
NaN
NaN
NaN
NaN
NaN
NaN
NaN
NaN
NaN
NaN
NaN
NaN
NaN
NaN
NaN
NaN
NaN
NaN
NaN
NaN
NaN
NaN
NaN
NaN
NaN
NaN
NaN
NaN
NaN
NaN
NaN
NaN
NaN
NaN
NaN
NaN
NaN
NaN
NaN
NaN
NaN
NaN
NaN
NaN
NaN
NaN
NaN
NaN
NaN
NaN
NaN
NaN
NaN
NaN
NaN
NaN
0.6256171656451136
0.9877427954342798
