2.081641069420142
0.6714638634777118
2.816220797688652
3.59920872255874
-0.08198638812640634
-10.051636527257932
-3.4221866242346666
11.617282032779833
1.3817789746244327
-0.3379276225505555
-0.3050688945719898
-0.6801452217230451
20.78913770179127
5.481446945139178
-0.04577564367037902
0.0004170633620520309
5.314313284655773
5.93504951861828
-0.005804131168106526
0.0047545038447150585
5.36318935738876
5.384968468001227
-0.028237710696059487
0.08027951282857132
0.08470963943978586
0.6752555894367416
0.8229015127892146
0.4855581002951014
0.80462487761801
0.7203961949703408
1.079003661549223
0.7884662786038197
1.3522690669788342
-1.6578022089445488
-2.004778671632231
-2.060100634164589
-2.568762929026022
-0.3354599838535744
-0.5351431280479032
-0.398394030540472
0.012203884866414723
1.8688693970829453
-0.26224839954009876
1.4433723028541838
27.207206786410293
1.66482690608813
0.057153657282787595
0.7534020915050406
-0.33610158515630917
0.22806981878715527
0.17599635112601203
0.751937004243667
-0.42971374073672813
0.8048233164932986
0.671094959968066
0.4509026537508075
1.137266814681251
-0.3206597896176216
0.6658538095947122
-0.8419285890519831
-0.09152617622648289
0.6020677289434005
1.2046444978528479
-0.18048538487761215
1.1486581684481003
-0.04149974238465205
0.6603586464735174
0.8377137579744269
0.33470573454862584
0.5794474935999551
0.014511497807346334
0.17181703496350356
0.16073876809238294
0.06280966951741404
0.22227935164421514
0.15043672849329243
0.26776464790743304
0.03548907342583706
0.4002360575044767
0.5377370050509008
0.18038114152769494
0.23677565892024374
0.09028689115477302
0.12052313204627993
0.26836591775208524
0.10147064799712899
0.06072999206096997
0.0034935559854507546
0.4941150745500524
0.5650227852394747
0.018009978902284462
0.10950547250245413
0.05914229025203348
0.08478245299929507
0.11418795700186356
0.18425848206990572
0.31454469929376566
0.05643080718887301
0.18959445883903026
0.4508144608843565
0.042932379706312626
0.1685488539478171
0.1883039458847986
0.15284574182767052
0.31453287925168405
0.17749021013960217
0.26463633631817635
0.05030073320055531
0.2817377016881097
0.5258890483031703
0.2334472232103813
0.1884270311535488
1.1279020803907716e-5
0.14837247040930082
0.36757868690251905
0.12746978867666123
0.1172251091781863
0.009841661457317498
0.3114524865772375
0.5301640426238547
0.09263617521890509
0.17246814224301565
0.04085122764700414
0.09093178769132387
0.3859830744755251
0.1905765279267866
0.16907703608132793
0.0158594995150199
0.6236153085195357
1.3050719744125265
