-2.2283423679539434
-2.2394920681538153
-2.256077404025804
-2.264690235474125
-2.2724422137594695
-2.2921197694379907
0.0938310942837406
0.2512674293694716
-0.24039264819976944
0.18889576114434423
-0.408580074716034
-0.7257408122164631
-0.14741554131998688
-1.1002415128427565
-1.1201532509546854
-0.3727061204648427
-1.3943061079049277
-0.6354138555272256
-0.8725827947734106
1.0321533915907615
1.1796932758361602
0.27766189632072474
1.3458652943939493
0.5480368109290512
0.044232577322994716
0.8584831176123554
-0.2823580342972296
0.3917562541494873
-0.09588880008675423
1.4527974914738473
0.008844208155059968
0.4301278079605708
1.8603180236850523
6.404844607996938
7.68649773806231
6.740753787444739
6.369244492548688
8.12216922793676
7.957779860145189
-0.6170011323944529
-74.91467226233416
5.526515993359743
5.401194858017347
6.147736924715788
5.803977614044466
6.670259951906004
7.55746813753082
-0.04606132314945873
0.0014097390555223089
5.083783332927052
4.681337022483938
5.661008209402617
5.108090443999852
5.7612857278395815
5.308888932131568
-0.024297870366925243
0.10453104884839552
-0.15301635655681986
0.995387307873494
1.0147686567026863
0.7655321952655284
0.8325389755955809
0.4120154543576683
0.3845370220159606
0.28512414765749755
1.3503914576793983
-1.9502872955629602
-1.6670113740690709
-1.194833286974178
-1.1230371300915027
-3.616245817772503
-4.046169749049126
-2.2277090167484426
-1.0377474077645403
-2.958995539522347
-2.12672148697316
-4.080831779615445
-3.0709130946104293
-0.37948777898102154
-0.6097817793499587
1.0133143056661316
0.07987350114248959
-2.0290273127454745
-4.554657754429101
-0.25325541612393176
-0.00517892678960123
-1.0296285878826923
-0.1662631364818328
-0.9047849360891428
-0.24453808466171287
-2.7768026779432353
0.4363351959119129
-2.020939545519686
-3.1467820703157274
-1.1810793565235145
-2.0242471831055173
-1.7395298860367743
-0.5189827183918958
-0.8876462242050442
-1.057987879367171
-1.0558785127030175
-0.7923112428379766
-1.5050725931672457
-0.8483482335087126
0.9250232274729738
1.6711054147583058
-1.4880058354390728
-2.1706442156032226
-0.27909548828355024
0.35853121015302225
-0.34452006502183
-0.05868585061795388
-0.4728937646623173
1.0215767704296976
0.19451482097202866
-0.1701248862925675
-0.17001096528262322
-0.17157952337724675
0.5454851955824922
-0.8206367728771127
0.988041565321547
-0.4082391192232604
0.2767408331456708
0.04354832992717517
-0.2821719722744729
0.517558756187967
-0.25864410715761016
1.043561799245435
0.9887758190962515
1.1395366964114313
1.2708199822349522
-0.5881159862853088
-2.200777850389298
2.270902792562558
3.0263464673242724
-0.7021193785420908
1.0409294222900791
1.1059897784865698
0.6615004851591899
1.9790458922250544
-0.6770328064509417
0.7788361537277666
-1.2561441927330534
0.25968422805336255
0.9021280872868847
1.9813216333768626
-0.26708096112369256
0.5948237643234173
0.19763286006881675
0.11643915573894825
1.4304541110070281
0.452091061769446
0.14914588823627148
-0.17004540453153377
-0.1783965357788253
0.2457791125350317
0.24331991434583503
0.6288138813207677
-0.43855691920000733
0.5293011994896689
0.17718626455899464
0.5739627089303023
1.0782081792119125
-0.22820136626000972
0.7346724853206242
-0.7976398642260439
-1.7575475809657213
0.47192467590048526
1.0578311228680182
0.2578974158335184
0.3938066551264608
1.0185063170152295
-0.6623993247942349
1.562479759608222
1.049307204406886
0.05554423101658011
1.300720400583736
-0.3897344055766842
-0.8747874051448123
-0.18754411552245942
-4.646864971901264
-0.5368014904109977
1.0877256473247134
-0.6886008572687381
0.3406600517488399
1.4656397094168578
-0.0254368187663942
0.22129452473038252
-0.7560831232942022
-0.24315409920778247
0.17141788782574888
0.7571102457269302
0.14636772040840665
0.11981550577494254
-0.35555666121529284
-0.120447566982371
1.0082571444294623
-1.9624180254215826
-0.9180535601367067
-0.375024360272196
0.2507602194217106
-2.526946404995872
0.27386102400178103
-8.195801889954726
-0.05626641180976359
1.264971622181427
-4.725316359243064
1.161117313030104
-12.464896295040466
0.2960797496154619
2.3667276017023635
0.15913388044516183
-1.5678158501479909
-0.4101564784737949
0.18014205018298046
-0.10939208471329248
1.1600972938650254
-13.169212057854413
0.7183710395067829
0.6373656410083975
0.3305163109111002
0.6408903628836573
0.06753139844221118
0.11173551170257094
0.07102101360684077
0.060152431578899705
0.10010561976391713
0.11762061605072012
0.4308256572759307
0.06960107778415309
0.41752913137048464
0.5275535924120882
0.21262902132120434
0.257205688767166
0.09816664342595624
0.015572074268606987
0.08860919481642286
0.15587984841363559
0.18306600906593268
0.043788796138505094
0.2351146739877457
0.4459149089461388
0.00402771520196943
0.1682799451233571
0.0009875378898581346
0.161438380500635
0.44405011340006484
0.22436676542986977
0.31581995952036174
3.6216912449572094e-31
0.32796368412255994
0.4614112169307364
1.5566015529050108e-26
0.19814597215176394
0.29483017551851354
0.1440373266707369
0.26449709600659177
0.17653807831169577
0.11270904435233509
0.01986740593506816
0.4201568912868618
0.8686936086211102
0.04378134180230913
0.07127067659707759
0.20549941772685656
0.003867622875704971
0.26266985297562645
0.05616809190610936
0.06789249620834617
8.718831901050091e-160
0.6127548150937346
0.585779526449541
0.2297662425917402
0.28554332901038704
0.10540963913944404
0.0940834200676868
0.05206930317508212
0.03459372447238725
3.182261117612821e-188
1.991372047975906e-152
0.5513812272978316
0.6057112427609201
3.4302241922045537e-10
0.09041757410299502
0.10824762817155356
0.08354703543580054
1.817068286879821e-25
0.16413590632696964
0.3403711441875938
0.05618824137331764
0.43359768863806014
0.6217990891111331
3.093045698935546e-6
0.16412907144668437
0.0003556731496614422
0.06181434505869082
0.31707256959844743
0.1503471475456669
0.2489709755681315
0.0019103468378273087
0.07279780160397271
0.3479374911025418
0.017810899868995807
0.18825216556764063
0.09603575046237113
0.11367342693286285
0.5431785709378893
0.30933545393961936
0.27017697712677086
0.04080146245733717
0.37224973117632626
0.3982118413962097
0.06420398935001893
0.07589624183126965
0.08009115492334613
0.14531942254033273
0.321937457018424
0.3079049412201894
0.16151766753188493
0.07266755301200103
0.44518792783702504
0.6351467010773287
6.883545012457155e-53
0.09499979253543296
0.0013346757043572837
0.15697891632046965
0.21887041591716797
0.08199117483912328
0.3346069805414495
0.03088341522764716
7.98868309175315e-37
0.5989397867115689
0.23100842882074543
0.0003481128680256784
0.5062470666259178
0.2968528440937521
0.26274450455333764
0.10385925632665557
6.293663615140319e-298
1.2131463279667706e-258
0.2894362562589711
0.5438299902738927
0.3386424153449188
0.1406028929243061
2.300034233264829e-11
0.10837145443532983
0.3719213283731094
0.20719566236647216
3.4561021963370646e-58
9.063096392553655e-40
0.523886985018891
0.5493130487862808
0.04353860113703974
0.11234621977603382
0.2128510366002034
0.19676282439549264
0.128575006087176
0.1046407040504032
0.09114837115669003
0.036937202991794815
0.22233056256427838
0.531999579574929
0.08653080425382553
0.13219236845002455
0.026418605784275476
0.06871723166418099
0.3071056545851767
0.26709080189817963
0.35761437281244385
1.8412685258881154e-8
0.07166055742168785
0.5589629037892447
0.09085702772688702
0.1358245212191031
1.3403686003368924e-9
1.7877364850874972e-7
0.3113962009866411
0.22213695922824217
0.5260862125244159
0.08307543698976451
0.4762406816595207
0.7629023590251975
2.1729648170472016e-48
0.08128567288901334
0.18335166574277043
0.04760285845365378
0.34040764400702395
0.09535195241575116
8.59068512995981e-9
0.012857157216385692
0.10508035565891864
0.8748304907669191
0.506816805238179
0.12516950923307288
0.20777399122604823
7.577145795629855e-15
0.18032884787685385
4.403285600010814e-42
1.1303940613394063e-185
1.0382486699798604e-130
0.6004270584703227
1.2382010503409357
