-0.38030656335930674
-0.6378176590999495
-0.8820589864238201
-0.42111087832084376
-1.0253167186895402
-0.9005791076425789
-1.1664786396974172
-0.6278190514077958
-1.1284048476608577
-1.508365104801643
0.6672175133973229
0.6984438701813722
0.6522159267435987
0.6574079177609143
0.7165197227745691
0.7212579841641338
0.6791824775102895
0.5972095769828478
0.6386148216521783
0.7474921159340098
-0.04115600874931576
-0.09414019098050436
-0.38901462027268746
-0.9068746182158397
-0.9270084781862382
-1.682292428595483
-2.104665395401668
-1.2553107883210326
-0.6215026580668863
-2.427220841731301
-0.9292596789455617
-0.22398561620494642
0.4066717928126197
1.010487439780526
1.0676851208748515
1.8576326228053608
2.2293170211647815
1.3819868736540986
0.6687295564479666
2.6463770470596906
-0.12449092575630807
-0.023348387155937136
-0.08101335101832546
-0.14845630236338175
-0.10027533667905013
-0.1250149390773514
-0.13249258163622496
-0.10570838619501861
-0.0852520519474124
-0.23940318614626854
-0.0007573546129863699
0.41211960722641766
1.9879887230939983
6.605170409711418
7.013426304268289
6.964243938479383
6.355910487398044
7.379361749461397
7.42844453447329
7.552967190677252
6.711435607284632
8.039139814878743
7.87498285041185
0.03299637571026728
-0.003011963847035831
5.377390841117574
5.849871815098647
5.967638783944786
5.785168540329059
5.665326142634895
5.960148903387306
6.2187228266481505
6.356875057945032
6.500511052508889
6.852647178481899
-0.06741943644863295
0.0028808777763623256
5.772726672937321
4.928555663961332
5.473112785755023
5.844362865299274
5.1239021674143785
5.599264447436816
5.808715753141878
5.875021885722042
5.408388432760312
5.939539205159485
-0.051532076268820594
-0.009991518698694123
0.11788901434939751
0.3753219442235973
0.4923715902180378
0.022990296207212563
0.1512626152290316
0.2558501769084025
0.3406209988999374
0.3684038982241198
1.2474227402408764
-1.8195059432249847
-2.0218432466542424
-1.688258494574948
-1.2999390053942304
-1.585971323325549
-1.9529386424673743
-1.4951323371656366
-2.591539622448726
-2.8234488763149304
-3.144910102992036
-1.9316941858148846
-2.505285953081973
-2.2981496928651803
-2.6776864242373843
-1.3082111332596056
-1.672351844075569
-2.9858800907220773
-3.6618050514423497
-2.4826412182794044
-3.7005809792367
0.0630691298807875
-0.05577681903370586
-0.6502841106763585
0.42369311230737994
-0.7185523872898588
-0.6149237108050654
0.4263802772122587
-0.563318858935917
-1.4359224275123363
-1.8221703029307077
-0.5146780507539643
0.06586968861461515
0.10413943145987493
-1.9519462050248886
-0.8684316220975928
1.6826932564385932
-1.0851993923507666
1.493710365250008
0.30822767748258567
0.5510045981609849
-0.8041371773420956
0.18257123191067048
-0.3597990140659724
-0.08137897803579626
0.8206581735426782
-1.837108755491037
0.8503210313287153
1.7033078183926296
0.2782460026375885
0.641038748477416
-0.39751749815309334
-2.878783573175326
-0.08261424610358202
0.2795177702571208
0.37279484291208953
1.9960699282296124
-0.3360607042221945
1.1213987932745242
1.1004468028597048
-1.0236135234103754
1.0818509670698322
-0.19138500703191635
0.2889804788584583
-0.06811882652981088
0.32182080836715937
1.4102695519828272
-0.700593059668869
0.49713313119013125
-0.7799954480385948
0.2318775151328501
-0.10516100280469345
0.04523151154507381
0.7679046349440912
-0.7835633021142053
-2.969648562513674
0.6294674629132432
0.7450929299916834
0.41580589259407874
1.4056863938667485
0.6421986733833656
-0.4372176311735485
0.3220210877366862
-0.4618221693116764
0.6872539048681547
-0.0371994710848203
0.005552771125740706
-1.422936000511853
1.5162982311677173
0.8686269970829955
-0.8684773371163704
0.20290518046496042
0.6168826842001247
0.4204315007028852
1.2554367392224124
-0.5647108421403875
0.0749300883854449
-0.692774758850506
-1.5628564901957611
1.045141280644636
1.5870542219902573
-0.05465101532698529
1.0743676756027862
0.6583327219990874
0.5512512024122364
0.730794401597341
-0.10282494047445451
0.19510945808268315
-1.4624056593821058
0.11076577309028236
-0.28741846099862983
-0.30191160834596364
-2.992096308864461
-0.3118643015221138
0.9576470960516762
-1.5872254427735801
0.1996425153268342
-0.3972381862514858
0.1009292346914766
1.0585639330716934
-1.146209279132994
-1.663651669743272
0.14012176800943854
0.9268605540224385
0.23518160984519076
0.9762692377247045
0.7787117072867791
0.6383510901420099
0.9128564512543753
0.6097464498721081
-0.05498067529547384
-1.2875732274905625
0.017685232480813697
-0.7025850120968884
0.18700025911983637
-2.643759112198341
-0.9040206124766988
1.5665966226553925
-2.0887941162757917
0.5871353082323492
0.8776601575198989
0.283735779444399
0.5097201715276763
-1.3791537126182947
-1.6408410464722596
0.13490902158019355
0.7941588001271439
0.015790587520824195
1.6658531594126489
0.14727501580582095
0.9607577191588303
0.9008241552240788
0.11538561174052189
1.7325671899279553
1.2399450412958022
-0.178579498136708
-3.683839405953676
3.6273764859866477
1.7694911620335245
-1.0752889656555638
1.345325300964699
-0.4366024320496843
0.8785475044219228
2.6781080440752643
-0.5602655889337534
0.9743164705287382
-1.1669855298406437
-1.5181197924283767
0.6666430197793694
1.6250356510743673
-0.23889054253944458
2.2623295696986085
0.40028987237825964
0.8094178191157484
1.2735136318701743
-0.4097933682338719
1.8627160129509621
1.067740483847179
-0.04033450828798055
-2.3620090169559202
1.3745852796686222
3.3158515242180013
-0.9249319593025491
0.04644564080232603
-0.3507820094396712
1.16205882014164
2.3664495770116707
-0.5550646316909853
0.6916458285831333
-0.8770171054895899
-0.5852487112359183
1.2043110352952295
2.2654540620279455
-0.5512976376906582
0.49856482913131334
-0.655095340664966
0.8942119577480044
0.43907963776904413
-0.9992013897919261
0.7876309867109771
-0.226809017738676
0.4035905854757744
-2.1694938244532396
0.4407382291158278
1.5828003105748987
-0.007295112380052622
1.4854688157981548
-2.7736991493394827
0.9710975758757289
0.9205662771829853
0.1782872211315907
1.5677135835586835
-0.7741856976574601
-3.963668132006083
0.9583701888175234
2.3407355905551523
0.3320980347206889
2.4007388681007833
-1.1219388276247193
1.324175455348836
0.5929842643449821
-0.01696354462443833
0.9671204477770544
1.805523857827263
0.057618084285628465
-1.9029851507530569
-0.3816147254278012
0.1520370648138045
-0.18176998099933764
1.8154732881216842
-3.391061035186159
0.43090644001627915
1.6835023223362087
0.5027169342786809
1.439718640484882
-0.8531277616503983
-4.4498889411266855
0.8158244112343049
0.9801126158279739
0.6759967049400945
2.7513658548119437
-0.3986837623571354
1.1543728868864567
1.3364946178471397
0.32685739563544414
0.6434442457540203
0.06928661407569103
0.12398506626251361
0.10974914218315598
0.11554361937670646
0.4941068481057083
0.1170270686067616
0.25514058290266106
0.4968140260233174
0.004447560051731042
0.20947505698421878
0.39299378267052826
0.21980560409914726
0.3474180743750804
0.07390531289331938
0.4813004985459047
0.4697356223632965
0.048994282398359394
0.19068096064024048
0.4657755636180703
0.33297938887405437
0.003929655437664414
0.0066040281224109204
0.00029844120962274406
0.37274067562245455
0.08289404659921876
0.20637671152828932
0.24132500540687468
0.2545288151850782
0.6754825067842862
0.1663537976641765
0.38649784376303187
0.5059428449637724
0.16840381796590267
0.2838186556270379
0.18771447977386743
0.1825209230780219
0.2573838584971981
0.027717576331167424
0.27103558734879984
0.47734884915533665
0.4142386420842698
0.3003959975444819
0.22165650630817488
0.17996817798307993
0.09306926425875481
0.04228697531710667
0.16505336612673494
0.3286951730076872
0.07918326112044023
0.21564759689897167
0.22976699481912857
0.4372865970632822
0.5259963779336961
0.01837063303005922
0.1972838011386394
0.6413233784084054
0.060535587487055426
0.1979917578608186
0.6793777582054488
0.15362828847056895
0.0628028531688577
0.007056575260208529
0.536558648183427
0.37134521966702505
0.1995246108318698
0.22890336306337777
0.1837274222728216
0.3607927666179837
0.08018931871188303
0.03895865065161503
0.5400311433695303
0.9135588500695815
0.08514257677460323
0.02985506799113772
0.31508219705134977
0.05658608193914831
0.059744082804516825
1.3107416498286086e-13
0.6494200027255088
0.6201353433429089
1.0794778885114793e-5
0.11079100230771129
0.09474922442121216
0.1359862840160104
0.2558199780743952
0.13308737033337054
0.3330969982016605
0.45962187151011397
0.07651608332881743
0.03660307996557064
0.18561543928667207
0.3325264743063751
0.4047714791828486
0.1712485742179404
0.32063205474441764
0.5135474755244395
0.05110832740775255
0.0743108990259632
0.2387123473677573
0.29621984724301137
0.3895472704800729
0.1159217782065853
0.09642305414137017
0.4549766612023567
0.0018240660121427944
0.16706211832572865
0.47205098497758935
0.2503536949329671
0.4297018948688979
0.1276075255389457
0.36235440739078123
0.5979155652407246
0.014546376895462636
0.22804403385113045
0.22718740405484653
0.15209891011082324
0.39591181165891054
0.021941490797323143
0.27807338502589707
0.48793267149129116
0.00034959963698838
0.23890159770836703
0.30118703038916805
0.16725718693316877
0.42038998494794727
0.10590854386717594
0.06417995956824236
0.23831481248314193
0.0005399652357003677
0.22366768398389839
0.2895504864472953
0.35533145791842047
0.6457295887487621
0.18268604561454257
0.06518034151748943
0.4227962265553909
0.11673397501442771
0.18634776275353962
0.31630119370488163
0.3497763443136303
0.5017844897632016
0.04107966637744093
0.3114657963417338
0.6540150899487458
0.1002765795121342
0.0887884461303975
0.18745646662440593
0.1218962318539614
0.4008011575217253
0.13530023206689648
0.4045788217791603
0.6974633744879557
2.4042687166064317e-5
0.04332430972895267
0.5839152501893332
0.19779910579034762
0.011481885344341176
0.06141320999274472
0.31075250606107346
0.5760563621195753
0.5229145376718514
0.16153531929001452
0.030381349455736933
0.22840216481636869
0.13595160681133825
0.03400615377404123
0.1861958603151863
0.7656768586451865
0.00032032284312438053
0.10501928915478681
0.6451758974556927
0.12190443544910125
0.16830791938599654
0.007399416750923763
0.0027725744888352035
0.5194045827741777
9.84061646626774e-8
0.15863361737454576
0.16892038768330517
0.2385157043742515
0.8283069394216951
0.08344609547702424
0.00016492345708692048
0.3918841868115479
1.1973079264557303e-6
0.22822742999085888
0.007384132483980752
0.18446128010112772
0.9924497467510057
0.19542710309646497
0.7338079369806141
0.4537360461145167
0.002540330137540649
0.30919380301266675
0.04523147546537664
0.18224412754099842
0.21842025741646878
0.05482602333181747
0.03168456707549316
0.6047208067368558
0.003347600168067467
0.17192949154986503
0.20578045774056478
0.196733423692633
0.7591873750158735
0.026616278020647522
0.4330171936292729
0.4631136407043987
0.05309568660879862
0.13497301401151532
0.053153298935164156
0.32594527194486156
0.4607338208267644
0.07596807333921977
0.004830828045377934
0.5973331641124594
0.19978973413415949
0.12900061254568454
0.6020786379381113
0.25944737451689814
0.19330079988235094
0.014218848824958089
0.13871016256021998
0.7324294181462238
0.1873895689274614
0.1720555464726665
0.508606767069732
0.09087774682934213
0.16529350144258734
0.004637288551769646
0.5321486400873872
0.6409156645182438
0.25024437573172936
0.13093900496451846
0.2176066067342717
0.1764679023653002
3.7744661261356804e-7
0.05167742815193947
0.6122752209375858
1.0732403403602409
