1.4934931273553311
0.39342740071231336
0.5349939875685682
-0.5730925114126983
1.7276075573027476
1.4862671704073158
1.495833325562128
2.1828638125151545
-0.19260020647975684
-1.7141639759667229
-4.413908892477672
-3.999341208659781
-1.471469736812792
2.0210876851889292
4.907830256590565
4.807221808263347
0.17428710145288584
0.23710568580506697
-0.18842624056067833
-0.35451722914401473
-0.11301655636233757
-0.1523971730657607
5.847488473281672
1.4012453480823674
-0.054758654413819524
0.0002715297359123827
5.439185709684828
5.6745638613727
6.032386207997448
6.480360447455266
-0.04311242312344952
0.0029002776317011863
4.745390226409343
4.989207298651397
5.142005329483764
5.361067134704549
0.02203532869676549
-0.031003631944268403
0.1826710852489838
-0.29929212454321774
-0.43279338762154934
-0.03362084659665813
0.05300016484379996
0.03543539655885159
0.22599328089389198
-0.04249941806461553
1.3838883556616886
-1.8047051185569944
-1.5466608584185682
-2.1306298527962775
-2.4093081810428374
-2.3268865678791606
-2.5234545858907484
-4.122103778300834
-2.40540184913586
1.353397939640679
0.8620766781593093
7.693035227505288
-0.6555259275595837
-0.7486393936358153
-0.010095867949678256
1.3461779156030873
-0.21982019756009172
0.4085894479583524
3.021632049070757
-0.918347320878451
0.45380309975804367
-0.6104938554054866
-0.031054981067527722
-0.30244853212549144
0.4009324351939434
1.0588444884166885
-0.36282010160129147
0.3756623186940045
-0.6489077991297815
0.595096746124157
0.4670362827018628
-0.08500082636817204
0.9087303426766875
-0.7898165607604907
-2.431529771996212
0.8467091207240184
1.4212207650964046
0.10189086638548202
1.022925710329473
0.5814894012858425
0.5865313902239547
0.7988567919028766
0.08793056424552596
1.3969297767402609
1.6566823543833198
-0.5378937080537012
-2.5615515584144846
2.5257510938503036
2.253494454628422
-0.8100296662570535
0.47605290300681957
0.5626767545117959
0.577894267289073
1.6408160229884567
-0.592228291948936
0.4119143706195807
-0.9584691182215318
-0.5326828842410057
0.9453428482038604
1.7068193592839456
-0.40870314114239037
0.9666200457520828
-0.17694759684057296
0.4509393194537924
0.766711147714158
1.6709436066959367
-0.8737969711867987
0.13323536944126635
-0.20952109492501608
-0.7700784414010037
-0.2051746081804761
0.8896075109528176
-0.3025947425638901
1.3417145771042276
-2.611204015499249
0.4479157706138266
1.1693830431547674
0.23520884392117608
1.6682767633644922
-0.7915099170930942
-1.7744782957864287
0.06633932331180417
0.9388162627525595
0.1466899345730318
1.7399237166001398
0.1065431629009571
0.9534384323162076
0.6701264534707155
0.29466414491890836
0.6253599013258393
0.008091549778036394
0.11118209525999263
0.1017902952599293
0.06635856495968029
0.23569791072567176
0.12599010302523764
0.3597560993174549
0.07110933542924769
0.36615558838874784
0.4197353432594835
0.03932030544331295
0.19733850038064069
0.21487719953716128
0.14151110129980665
0.23974749665412004
0.2103521826504401
0.13989940997665667
0.031062872409629783
0.12024638055069277
0.46975505021194697
0.08391615468406576
0.08103525161924642
0.003566001884426049
0.1465100132944308
0.23700756601308284
0.2987846918091432
0.5552638968677316
0.003914993065232596
0.4123488697709144
0.6644889197044122
0.2739977513473393
0.22631094989270378
0.07469728872331395
0.05600926067825284
0.2033954329620786
0.04537894808087162
0.03556065719635328
0.007811921643762487
0.42556867099943996
0.5739249203606425
0.025261087948458088
0.08152511502773618
0.03630100085971014
0.08969423484133159
0.12252601253786782
0.18696907602128157
0.3903432276545247
0.06788665374900961
0.22208311249650253
0.37242911363640785
0.027264408888610987
0.0778016451458963
0.13100006121254387
0.14986246570396416
0.3516808638095153
0.2691211071542919
0.26797155359282787
0.13078566835943842
7.815550991235069e-5
0.3861614750064827
0.0016897464884995052
0.16965775955348086
0.09243866740770912
0.1067067239066586
0.3267270563782593
0.2700116719860425
0.5790663742156197
0.06746236954733814
0.4847289717767758
0.6744438223394539
0.021747081324722896
0.1763483536115727
0.100369119998567
0.043317584868339504
0.14734706471756573
0.007616142606454971
0.2458077621823694
0.09827409657418301
0.29375620886611237
0.5710368460244989
0.14563738503147833
0.09591998263269444
0.11723125641112662
0.1885106212426477
0.32532029336697676
0.13434067135202835
0.11805485632430678
0.010191878748125088
0.00101237988713402
0.3588562571351254
0.12334983539251264
0.215475085332628
1.1895652684800052e-5
0.0950461929231838
0.41432959769266703
0.23042418710838403
0.461296291375001
0.10019827750067901
0.13449990655949853
0.5084706320934284
0.050745111179234324
0.11732150465881869
0.015237827213848905
0.09475083550588834
0.3838381740839715
0.2624653493128287
0.415678980963447
0.016991678429036722
0.467699065649506
0.6084322502520922
0.1282887814120977
0.21888288752433768
0.14079958459133757
0.09486794331860461
0.23900687634846807
0.059808533390498464
0.02420569199859144
0.01800838551446954
0.6119571445021807
0.8553975720941378
