-2.6214315671198176
-2.609988603576452
-2.5725730001898865
0.3263678652794831
0.30167360154949335
0.43417447316861174
-0.019232303667763295
-0.5765447786546563
-1.85398210046172
-1.2472911889510114
0.6249512536763113
2.2133461076384275
0.25556135507245437
0.2517179132323069
-0.09650374975948485
-0.06733056528280075
-0.06517495661505561
3.010902427978154
2.133062849975434
-13.11507005245394
-203.30309770614133
4.2351915559549616
4.558097969273443
5.087093887051791
-0.05199120286664583
0.005489170322940583
3.1581032766762998
3.5855052167481833
3.9130829175792488
0.16455079838368314
0.25488182865095466
0.14360802276162454
-0.029171524335823183
-0.3318693129807179
0.2961936103168008
0.3472786666665306
0.46860593398121375
0.5508503517805703
0.35480360581421694
2.4215536647773295
-2.097647805376303
-1.1443010396958053
-1.928690927326922
-3.1178953245207324
-2.9628835733709256
-3.1388798042783606
0.7133480800995408
-0.24144777846862348
-2.8432451194525514
-0.481811498182122
2.9707784992649984
0.6558088741191161
0.12388032813616952
-0.568544442963361
17.010164703053135
-0.08567468949965143
0.20395009965581476
0.16587809760783057
0.15903989871833002
26.53801266797022
-0.3091218690442228
0.5125047131722252
0.6361094289563479
0.4976580806674789
0.8092102476553348
15.648452927415338
-0.26072398708337163
0.4666737398755173
-0.6803206417951203
-0.39059615669924974
0.49652786305641494
1.2494548431267225
0.0
0.11404996906560126
0.9143364032293857
1.4947933579924573
-0.34056403598359813
0.3546824799138404
1.9259981752845263
0.1227498138832495
0.32765409714437105
21.323299732023216
-0.3027526422588879
-0.031011738051557415
0.19228476602587946
0.9368349978680152
2.5175033674842884
-0.4430270815563085
1.2239622036442037
0.7714095370745112
0.6394799564592082
1.5973290371641191
26.267431376985712
-0.3726714138440808
0.8690868859129517
-1.0336035116424551
0.293535868136835
0.5968585622370158
1.9091633697297714
0.0
-0.12665819969229147
1.2741944910134035
0.936849101143994
0.4236499005852202
0.6781838460202834
0.22907789122737696
0.4572241440368867
1.1172883581065768e-15
9.72553840264693e-11
8.941643881430552e-6
0.014829380267892423
0.11930795563004505
0.227571757139536
0.18274189202479488
0.19400284363952333
0.468863319473901
0.10637187481890521
0.20066884908493807
0.3310137073953422
1.7407077681201576e-7
3.848968808777361e-5
5.4104779750165893e-5
0.05464340787835851
0.1724267548300938
0.29452022092496094
0.2758855240435192
0.218793386945456
0.35096459319092255
0.10099078716779641
0.24910333545986807
0.42234421332615074
0.024740747058191143
0.0033518737277700365
0.19145876092203762
0.20380719425513316
0.17577627216774935
0.19804336789937377
0.15884056895010676
0.15011393321671523
0.20008031544204696
0.022339417574857277
0.5869178990710552
0.4969216854745842
8.399860692911049e-21
2.396975805694916e-15
2.2520057578417334e-12
0.0001854883185135555
2.2051534319182194e-5
0.19749282971677823
0.06671500416346356
0.16567197117017657
0.34634504522890935
0.13972802531994813
0.19464969888135658
0.3923566331731808
2.2206035471389618e-11
1.1952411974214547e-11
0.012501557680437017
0.005699716520579845
0.13454040776129497
0.17943159718073293
0.1723339542045031
0.2869091767342096
0.48597438145020183
0.13560287637934984
0.1864283035689538
0.33485179526639497
4.8722928821650625e-9
7.750492010424903e-6
0.004588151545754956
0.12559007319859966
0.05494624355125598
0.19239233986332252
0.37940587209856297
0.2664784340332532
0.3746314243631802
0.08067960714642114
0.2478720204382738
0.6673240477071322
2.768860719162087e-9
4.401555168130835e-16
0.01720192788594718
0.00042244755396476
0.27843431619279646
0.14673557194129525
0.21764666022723422
0.1546498086062035
0.23884507248688816
0.03086812419140962
0.12892860095081587
0.3255727154584763
1.1182756018325382e-18
3.003163283966553e-12
0.03168713962068339
0.009189227778472038
0.038139665683613225
0.358720580566279
0.07045170221586193
0.17697465686794633
0.7307928915290255
0.12954281932582373
0.346100378805912
0.5011135186823782
7.756584287725694e-19
1.4357648038211224e-7
2.965066776541074e-7
0.10393238754051938
0.10307879720127647
0.16414005388195815
0.3826428559285408
0.21300463221271917
0.168177671557594
0.017809264105944276
0.46604291837920125
0.9055524435402121
