-2.2707004893738056
-2.2400173831752594
-2.3341868682320634
0.3471232844429697
0.29460200868170844
0.4496200020275426
-0.10275984592007721
-0.5787344094504152
-1.6601587358342544
-0.9328586957918048
0.5637297637809509
1.8674313843744297
0.2510257415228711
0.23438438088056732
-0.08577334861978052
0.031221272004300513
0.02186031382122509
2.5661004386591726
2.0250742252288148
0.8640920910139479
-0.26099660347181614
4.390311184852921
4.709590682736344
5.2386635434570135
-0.054628410458155245
0.004923473931543348
3.322394222943981
3.720244399945365
4.051455195999049
0.12927461948769778
0.19838417717102602
0.11441825577731378
0.1879639575352839
-0.11808373873528114
0.34434611796184594
0.5166911047036912
0.4906387605876611
0.44359019661755555
0.22894755938236944
2.327736076699599
-1.8801571661066179
-0.9829770201499012
-2.040298059298927
-3.172426092830187
-2.8574207483000826
-3.202378685436219
0.6773116904695227
-0.25213780705458816
-2.6255100580045276
-0.6774044459830524
3.0873021984243376
0.4906743690802479
0.2545289170650549
-0.42140307505303926
7.695035051797753
-0.11669710366172396
0.1841129148625957
0.22154216242425787
0.2257487781385759
20.012325112998994
-0.3304759068347963
0.4771546051118744
0.6036310074326244
0.45773101774294656
0.7437071902268123
20.861466727431768
-0.24038479526589515
0.48425234529724653
-0.6329063525897416
-0.6452133076076202
0.49013829564850653
1.1723522678925349
0.0
0.42256276186265956
0.5581677714265757
1.1425029305670682
-0.5639402709353684
0.36127579841976665
2.079175492733113
0.11672184307891295
0.358791233695082
21.33557373873701
-0.33704518289026797
0.10970994211687608
0.09538338734542488
0.792180789862853
-17.899348754286343
-0.4299513238820994
1.1517476382771707
0.7151888584172952
0.47422700510458365
1.3900988551940945
22.10037891550222
-0.2458449178860137
0.744432308711537
-0.8795890127646796
0.19422078768995724
0.3190485107253898
1.5825752816920322
0.0
0.2722642361882626
0.7999193947471822
0.502380072332712
0.19113480438362704
0.6966642333544465
0.22881352631491383
0.49105073614782013
1.6232034210843778e-17
9.024248999279019e-10
0.0003541604942520411
0.025894956414522375
0.11962331727691677
0.21377510758135748
0.20277647761070267
0.1652875135323713
0.4484325183032159
0.10399168542150582
0.2633029586068544
0.40276593573990493
1.4057682175435486e-11
3.494465876854355e-5
0.0002673836347488152
0.0554171150318324
0.10431899226819201
0.25851910805367095
0.2941975977968037
0.19033891689305557
0.3379130676793424
0.09292397962277096
0.25628757159519083
0.44896274882724074
0.04644845713181754
0.02198839049731408
0.18178443011205328
0.1858094245817492
0.16959028196693843
0.18939961795720128
0.16746688224312697
0.13828176264864242
0.17842237695087343
0.015558055487854248
0.5664171986572236
0.46732331300910496
1.0469455136249608e-26
1.6445795081222322e-13
4.929721229978771e-7
0.0023263615982593456
1.3677861431637399e-5
0.22443312271340343
0.07624112069440864
0.1656373996275567
0.35732750981481354
0.14027980305151622
0.2347857885824899
0.40106764240696535
1.570459115211073e-10
4.751826786934331e-13
0.04069859235770911
0.02612899546081769
0.06810881250507714
0.17547035826008667
0.20031512355969427
0.2747879468843705
0.4560916828379848
0.12254505698728933
0.19434440161120775
0.3851580899208447
2.9754981372310516e-6
0.0004930246999753251
0.02177810989970581
0.16145582789727622
0.05114460371782218
0.1604704554485101
0.399875404507897
0.22903346662612697
0.3328545047652301
0.06338913540726511
0.23715823120481014
0.5006360035283405
3.18515489179738e-8
1.8616976403289766e-12
0.057538425367287815
0.011453231797835039
0.2718706770650063
0.2592506677150647
0.2015585722860994
0.19531198762514548
0.23187406222524784
0.033348109331754236
0.11738024410079313
0.3235255837157353
5.610227765985833e-15
2.681912956592508e-12
0.04706097429119851
0.028472892822567878
0.05144846332672355
0.36890970083575236
0.030002994010704616
0.15327925960445785
0.7541073242705754
0.12581256301880472
0.3479483833888244
0.4815156766473945
4.0743737804564445e-15
0.00016035904774556615
3.994420895356037e-6
0.1745041302011547
0.12217376562109127
0.15926718645394453
0.3857728388860107
0.17208786648289703
0.14410101768317396
0.012464781166867634
0.4664893334029121
0.8869513950549157
